 9 25 2009   5 17 19 25 31 38 46  4
10  2 2009   8 27 28 29 31 32 35 11
10  9 2009   5 15 25 38 42 46 47 26
10 16 2009   4 10 18 20 31 35 44 29
10 23 2009   4  7 10 12 23 25 36 18
10 30 2009   6  9 10 14 17 18 19 46
11  6 2009   2  7  8 11 16 17 18 12
11 13 2009   8 18 27 28 38 41 48 36
11 20 2009   2  8 28 30 36 39 42 24
11 27 2009  11 15 24 26 37 38 43 17
12  4 2009   1  6 13 19 32 35 40  7
12 11 2009   1  4  5  7 22 29 48 13
12 18 2009   8 10 15 17 33 34 35 13
12 25 2009   8  9 12 13 29 30 31 47
 1  1 2010   7  9 13 18 27 33 44 15
 1  8 2010   8 17 21 23 24 28 39 31
 1 15 2010  12 17 22 30 34 43 49 48
 1 22 2010  17 26 30 32 34 39 41 49
 1 29 2010  16 17 22 24 40 41 47 45
 2  5 2010  10 19 25 29 39 41 42 21
 2 12 2010   9 12 17 23 34 42 47 37
 2 19 2010   4 23 27 32 35 43 47 24
 2 26 2010   2 27 30 32 35 36 38 39
 3  5 2010   5  8 18 22 32 39 45 19
 3 12 2010  17 18 19 21 32 40 49  6
 3 19 2010   1  3  6 34 37 42 45 27
 3 26 2010   3 11 12 16 34 36 37 18
 4  2 2010   4  9 12 15 28 29 43 17
 4  9 2010  11 16 29 30 31 33 42 24
 4 16 2010   6  7 17 20 32 44 49 46
 4 23 2010   8 11 16 21 24 28 41 37
 4 30 2010   1  3  4  5 16 32 33 41
 5  7 2010   3  6 10 14 19 25 33  1
 5 14 2010   7 17 19 23 31 36 41  1
 5 21 2010  14 16 30 35 36 45 49 10
 5 28 2010  11 18 23 24 27 28 39  1
 6  4 2010   3 18 27 30 33 40 45 31
 6 11 2010   2  7 12 25 29 32 35 26
 6 18 2010   5  6 26 29 34 36 43 49
 6 25 2010   5 22 28 31 39 46 48  4
 7  2 2010   9 19 25 26 29 30 44 33
 7  9 2010   9 10 19 24 28 30 31 46
 7 16 2010  10 14 26 34 43 47 48 28
 7 23 2010  17 19 26 29 34 35 38 47
 7 30 2010   5  7 11 40 41 47 48  6
 8  6 2010   1  5  6 32 36 38 44 29
 8 13 2010  19 25 27 29 30 36 46 15
 8 20 2010   4  5  7  8 18 30 35 39
 8 27 2010   3 14 26 27 29 32 34  1
 9  3 2010  12 17 27 28 31 36 48 37
 9 10 2010   4 17 27 32 34 39 47 13
 9 17 2010   2  5  6 43 46 47 48 39
 9 24 2010   9 22 25 30 31 39 42 19
10  1 2010  10 12 13 25 28 29 41 39
10  8 2010   3  4  5  8 13 22 33 32
10 15 2010   3 14 17 25 30 33 39  7
10 22 2010  12 15 19 20 28 29 39 14
10 29 2010   2  6 21 26 28 33 47 11
11  5 2010   7 10 24 30 35 36 39  3
11 12 2010  13 15 17 18 19 47 49 38
11 19 2010   4 13 25 29 36 40 48 24
11 26 2010  12 21 23 27 28 29 37  9
12  3 2010   1 10 13 26 43 46 49 31
12 10 2010   7  9 12 20 28 38 44 10
12 17 2010   1 16 28 29 33 37 47 24
12 24 2010   8 23 25 26 33 41 43 21
12 31 2010   2  7 10 22 32 34 38  1
 1  7 2011   2 10 13 15 23 28 49 40
 1 14 2011   2  6 10 12 24 30 37  3
 1 21 2011   2 18 19 29 42 47 49 17
 1 28 2011   7 10 14 20 21 23 31 41
 2  4 2011   1  3 13 18 19 39 48 40
 2 11 2011   4  6 13 19 26 29 47 43
 2 18 2011   3  7 12 16 20 42 48 31
 2 25 2011   3 14 19 30 32 39 46  8
 3  4 2011   3 18 27 29 32 33 35 47
 3 11 2011   2  3  4 20 22 40 43  9
 3 18 2011   2  5 10 21 25 35 49 40
 3 25 2011   1  4 22 25 26 36 46  5
 4  1 2011   5  6 11 12 24 26 34 49
 4  8 2011  13 18 25 41 44 48 49  1
 4 15 2011   3 12 14 15 25 32 49 37
 4 22 2011   7 19 34 35 38 42 46 11
 4 29 2011   1 13 20 24 39 45 47 25
 5  6 2011   6 19 24 25 26 35 36 23
 5 13 2011   7  8 14 32 38 42 44 30
 5 20 2011   7 12 14 18 30 45 47 20
 5 27 2011   5  9 19 20 21 28 30 36
 6  3 2011   8 21 28 32 33 34 48 38
 6 10 2011   8 11 12 25 28 30 33 16
 6 17 2011   2  7 14 16 22 27 47 25
 6 24 2011   2  9 10 15 29 44 48 22
 7  1 2011  15 18 20 28 29 40 47 38
 7  8 2011  17 22 28 38 41 43 45  5
 7 15 2011   3  7  8 12 18 24 41  1
 7 22 2011   4 13 23 28 32 40 42 12
 7 29 2011   1  2  3 17 24 35 36 30
 8  5 2011  11 17 18 20 22 29 45 27
 8 12 2011   4 15 21 30 33 35 47 28
 8 19 2011   4 14 24 41 43 46 49  1
 8 26 2011   6 11 12 14 35 43 44 42
 9  2 2011   2  3  8 13 18 20 23 10
 9  9 2011   6  8 15 20 30 32 42 17
 9 16 2011  12 18 22 24 28 43 49 21
 9 23 2011   8 16 24 27 30 38 40 18
 9 30 2011   5  6  7 12 14 18 25 38
10  7 2011  12 13 24 25 26 41 43  7
10 14 2011   1  3  7 19 31 39 49 17
10 21 2011   6 23 27 30 34 38 45 21
10 28 2011   2  4 18 20 29 38 41  9
11  4 2011   5  8 13 15 27 28 37 39
11 11 2011   5  7  9 25 31 37 39 22
11 18 2011   8 17 27 28 39 44 49 24
11 25 2011   8 10 15 24 30 35 49 23
12  2 2011  23 29 33 34 39 44 48 32
12  9 2011   3 11 18 19 23 27 44 46
12 16 2011  11 24 26 31 42 44 46 22
12 23 2011   3  4  9 25 26 37 39 45
12 30 2011   2 13 22 28 35 41 42  4
 1  6 2012   1  2  8 13 22 45 46 48
 1 13 2012   6 15 18 26 41 46 48 27
 1 20 2012   9 15 21 23 41 43 44 46
 1 27 2012   8 24 28 34 37 43 45 21
 2  3 2012   2  8 12 14 33 37 47 46
 2 10 2012   1  5 25 35 38 44 47 39
 2 17 2012   1 15 26 28 31 39 49 18
 2 24 2012   6 17 23 24 25 31 38  7
 3  2 2012   4 13 14 15 34 46 47 49
 3  9 2012   7 18 19 29 39 47 48 32
 3 16 2012   5  7 18 24 28 41 49 26
 3 23 2012   6 18 21 23 24 32 48 47
 3 30 2012   3 11 12 19 35 45 47 13
 4  6 2012  15 18 19 25 32 42 49 43
 4 13 2012   2  6 11 12 16 39 45  3
 4 20 2012  14 15 16 19 30 36 46 42
 4 27 2012   3 23 28 40 42 43 45 17
 5  4 2012   3  5  6 25 37 43 45 21
 5 11 2012   1  6  7 24 31 36 39 26
 5 18 2012   3  4 13 15 21 29 48 26
 5 25 2012   1  2  3  6 12 20 41 10
 6  1 2012   4  7 13 24 26 27 43 41
 6  8 2012   9 10 16 24 26 44 48 27
 6 15 2012   8 11 20 28 36 43 47 18
 6 22 2012   1 12 20 22 30 34 38 33
 6 29 2012  10 14 20 28 35 40 42 44
 7  6 2012  14 26 31 34 37 45 48 38
 7 13 2012   3 13 14 23 33 36 45  7
 7 20 2012   4  7 29 35 39 43 44 46
 7 27 2012   2 20 25 26 46 47 48 44
 8  3 2012   1  2 18 26 27 39 42 33
 8 10 2012   2 15 18 19 22 27 49 40
 8 17 2012  18 19 22 27 29 36 47 25
 8 24 2012   2  3  5 22 23 32 33  8
 8 31 2012   5 12 13 28 33 37 43 44
 9  7 2012  11 14 18 20 37 41 46  8
 9 14 2012   2 27 30 31 37 46 47 21
 9 21 2012   7  8 10 11 19 34 45 44
 9 28 2012   5  6 32 33 39 42 47  9
10  5 2012   1 12 23 27 30 31 37 33
10 12 2012   5  7 12 15 35 45 47 40
10 19 2012   1  2  3 15 22 37 41  6
10 26 2012   3  4 20 25 30 35 48 23
11  2 2012   1  2  5 26 29 36 47 13
11  9 2012   8  9 11 22 24 42 46 13
11 16 2012   1  5  9 19 27 35 48 30
11 23 2012   6  8 10 17 28 29 38 34
11 30 2012   3 10 13 23 31 41 45 33
12  7 2012   5 11 22 29 38 42 49 33
12 14 2012   3  6 10 33 39 48 49 18
12 21 2012   7  8 17 18 20 40 41 33
12 28 2012   1  9 25 28 32 41 48 12
 1  4 2013   3  6 16 23 27 28 34 22
 1 11 2013   2 25 26 37 39 48 49 40
 1 18 2013   8 16 17 28 32 34 47 19
 1 25 2013   1 18 19 29 31 32 46 36
 2  1 2013   5  9 10 32 37 44 46 38
 2  8 2013   3  8 13 30 38 45 47 10
 2 15 2013  14 23 24 25 28 41 45 37
 2 22 2013   5 12 24 31 39 45 49 35
 3  1 2013   1  2  5  6 38 39 46 33
 3  8 2013   9 15 17 28 35 39 41 36
 3 15 2013   9 16 17 19 22 41 43 12
 3 22 2013   7 12 16 19 21 24 47 34
 3 29 2013   8 11 12 13 22 33 47  7
 4  5 2013   2 14 15 17 24 38 40 31
 4 12 2013   3  6 37 40 42 44 48 18
 4 19 2013   2  3  8 20 28 31 34 42
 4 26 2013  10 13 15 18 25 36 47 40
 5  3 2013   4  6 21 26 30 34 35 39
 5 10 2013   3 10 19 21 27 35 36 49
 5 17 2013   8 18 21 27 33 46 49 26
 5 24 2013   9 19 21 24 39 43 48  6
 5 31 2013   5  7 10 15 22 45 47 23
 6  7 2013   5 19 24 34 35 38 43  8
 6 14 2013   2 12 15 18 21 22 25  5
 6 21 2013   2  9 12 13 27 28 36 20
 6 28 2013   2  7 15 38 43 44 47  1
 7  5 2013   5 12 15 39 44 46 49 18
 7 12 2013  14 16 17 36 45 46 48  7
 7 19 2013   3 17 19 20 34 35 43  4
 7 26 2013   5  9 12 18 24 35 42 17
 8  2 2013   2  9 23 29 30 34 43 40
 8  9 2013   6 15 19 26 43 44 49 30
 8 16 2013   2  6 20 22 30 34 49 45
 8 23 2013   5  6 10 17 22 36 48  3
 8 30 2013   6 19 20 25 31 35 36 45
 9  6 2013   1  7 23 36 37 39 41 33
 9 13 2013   2  6 12 15 16 22 49 46
 9 20 2013   2 14 15 24 40 43 44 45
 9 27 2013  10 11 18 24 26 42 47 45
10  4 2013  12 16 19 20 28 34 42  9
10 11 2013   7  8  9 16 21 28 48 29
10 18 2013  10 26 28 33 34 35 40 12
10 25 2013  13 16 24 29 33 40 49 28
11  1 2013  11 12 16 22 30 32 49 35
11  8 2013   7  8 10 15 24 26 41 12
11 15 2013   1  3 10 15 25 28 31  7
11 22 2013   2 24 35 38 39 41 48 20
11 29 2013   3  6 19 31 34 42 45 30
12  6 2013   3  4 11 18 37 42 44 47
12 13 2013   6 16 24 32 36 45 47 25
12 20 2013   2 13 18 24 27 37 43 14
12 27 2013   1  6  9 11 17 37 39 32
 1  3 2014   7 16 31 35 39 44 48 42
 1 10 2014  12 28 31 38 40 41 45 15
 1 17 2014   4  9 18 32 35 38 40 12
 1 24 2014   7 10 15 23 30 36 44 45
 1 31 2014   6 10 16 27 38 40 45 39
 2  7 2014  13 19 37 38 40 43 48 46
 2 14 2014   6  8 11 16 17 19 24 29
 2 21 2014   1 10 16 23 29 35 39 46
 2 28 2014   4  7 20 22 26 28 29 47
 3  7 2014   1  6  7 16 22 31 33 25
 3 14 2014   3  4  5  7 31 33 40 49
 3 21 2014   1  2  4 21 23 35 40  5
 3 28 2014   8 15 16 21 31 37 39 20
 4  4 2014  19 30 33 34 36 41 48 11
 4 11 2014   1  3 14 33 35 39 45 28
 4 18 2014   9 16 24 30 39 40 45 14
 4 25 2014   3  9 24 25 28 36 40 48
 5  2 2014   6 15 18 19 25 44 46 28
 5  9 2014   5  7 29 35 39 41 49 14
 5 16 2014  12 13 16 30 32 35 37  7
 5 23 2014   3 11 16 24 31 39 43  2
 5 30 2014   2  5 10 11 23 25 31 46
 6  6 2014   3  5 17 30 36 47 49 31
 6 13 2014  12 16 24 29 36 40 47 44
 6 20 2014  12 17 32 36 43 44 49  4
 6 27 2014   4  6  7 16 18 40 46 34
 7  4 2014   5 10 11 20 26 38 46 44
 7 11 2014   1  6 10 16 18 21 31  5
 7 18 2014   1  3 16 33 34 40 42  2
 7 25 2014   7  9 24 30 35 42 43 36
 8  1 2014   1  2  5 10 11 25 34 36
 8  8 2014   6  9 16 19 20 24 30 31
 8 15 2014   9 16 17 27 32 38 47 37
 8 22 2014  13 16 22 26 35 36 39 44
 8 29 2014   1 23 26 33 35 38 42 18
 9  5 2014   3  8 11 20 28 36 38 26
 9 12 2014   5  6  8 13 24 37 46 30
 9 19 2014   4  7  8 10 16 20 36 27
 9 26 2014   2  3  5 18 37 38 46 33
10  3 2014   7 15 24 25 27 43 47 22
10 10 2014   5 13 18 28 31 38 44 46
10 17 2014  18 19 32 36 38 40 43  1
10 24 2014   8 27 30 32 34 35 42 17
10 31 2014   3 12 25 30 42 44 45 26
11  7 2014   1  3  6  8 14 20 30 28
11 14 2014   2  5  7 13 15 30 38 27
11 21 2014   6 18 19 26 37 39 47 21
11 28 2014   3  4  7 12 17 26 34  1
12  5 2014  10 14 15 16 42 45 48 49
12 12 2014   2 14 30 34 38 47 48 16
12 19 2014   3  6 13 17 22 25 43 47
12 26 2014  15 20 29 39 40 43 46 12
 1  2 2015   8  9 14 19 28 31 46 48
 1  9 2015   3  7 12 18 31 33 35 26
 1 16 2015   6 29 30 31 36 42 45 32
 1 23 2015   1 14 15 18 26 42 48 39
 1 30 2015  10 15 21 28 32 36 37  9
 2  6 2015   1  5  7 13 14 33 46 47
 2 13 2015   6  9 18 22 25 32 44 46
 2 20 2015  26 34 38 41 46 48 49 10
 2 27 2015   4 12 16 27 37 39 44 32
 3  6 2015   2  8  9 10 24 26 41 37
 3 13 2015   2  8 10 15 17 20 24 14
 3 20 2015   7 10 16 35 36 42 45 24
 3 27 2015   3  7 15 23 29 31 45 46
 4  3 2015  10 11 23 28 32 34 41 29
 4 10 2015   7  8 16 18 24 25 46 37
 4 17 2015   7 11 14 15 19 30 41 22
 4 24 2015   3 37 38 40 42 43 46 12
 5  1 2015   6 18 20 37 40 44 46 49
 5  8 2015   1  7 17 27 32 44 48 18
 5 15 2015  16 23 24 25 40 46 47 17
 5 22 2015   1  4 21 24 29 30 46 25
 5 29 2015   1 30 38 39 44 45 47 43
 6  5 2015   2 10 13 16 30 33 48 44
 6 12 2015   4  7 11 19 34 38 48 45
 6 19 2015   7 14 15 16 21 30 41 17
 6 26 2015   2  4 16 23 30 32 46 38
 7  3 2015   1  6 30 40 46 47 49 37
 7 10 2015  12 14 23 25 31 38 40 36
 7 17 2015  23 24 29 36 42 43 49 38
 7 24 2015   2  4 11 19 28 29 38 42
 7 31 2015   2  5 27 32 35 42 46 48
 8  7 2015   5 13 20 37 39 40 41 28
 8 14 2015   1 15 17 25 34 40 41 38
 8 21 2015   3 13 15 22 33 41 49 11
 8 28 2015   2  4  5 17 29 39 41 48
 9  4 2015   7  8 15 19 36 37 41 43
 9 11 2015  21 22 27 30 39 42 44  8
 9 18 2015  13 16 17 21 35 40 46 18
 9 25 2015   1  7 15 18 21 30 45 22
10  2 2015  10 12 24 26 34 43 47 38
10  9 2015   8 11 14 23 26 42 47  1
10 16 2015   9 14 19 21 31 32 40 16
10 23 2015   2  7 12 28 29 38 48 27
10 30 2015   2 11 19 38 43 45 49  9
11  6 2015   1 10 12 20 29 35 47  4
11 13 2015   7 11 19 38 40 41 42 49
11 20 2015  12 21 28 34 36 45 48 26
11 27 2015   4  8  9 20 23 45 46 31
12  4 2015   8 15 24 25 27 36 43 32
12 11 2015   7 12 28 34 45 46 48 49
12 18 2015   6 20 28 29 30 31 46 45
12 25 2015   5  8  9 12 22 39 45 38
 1  1 2016   6 10 13 14 25 41 46  8
 1  8 2016  13 15 21 24 25 36 48 10
 1 15 2016   7 26 27 31 32 33 42 45
 1 22 2016  20 21 22 34 42 43 45  1
 1 29 2016   5 11 14 17 28 41 47 46
 2  5 2016   6  7  8  9 17 23 30 18
 2 12 2016  19 20 26 31 34 39 48 18
 2 19 2016   2 11 20 22 33 40 43  4
 2 26 2016   6  9 22 23 36 38 47 12
 3  4 2016   4 14 24 41 42 44 48 26
 3 11 2016   9 17 27 30 31 34 42 21
 3 18 2016   6  8 15 24 26 39 44 40
 3 25 2016   1  6 15 32 42 45 46 44
 4  1 2016   5  6 27 28 31 41 45 12
 4  8 2016   9 12 13 14 28 39 41 38
 4 15 2016   1  9 17 19 25 27 38 44
 4 22 2016  13 16 20 35 37 43 49  6
 4 29 2016  11 21 22 24 26 36 43 10
 5  6 2016   1  8 10 24 26 37 45 47
 5 13 2016   3  6  8 17 21 28 34  2
 5 20 2016  16 17 19 22 31 47 49  1
 5 27 2016   1 14 16 20 26 32 34 18
 6  3 2016  12 21 28 37 40 43 47 11
 6 10 2016   5 11 15 26 27 33 39 46
 6 17 2016   1 16 20 29 33 44 46 15
 6 24 2016   2 17 22 24 26 42 48  6
 7  1 2016  10 12 14 28 36 39 45 26
 7  8 2016   1  8 16 25 30 42 48 28
 7 15 2016  19 30 31 36 40 44 49  6
 7 22 2016   9 26 28 32 37 40 45 46
 7 29 2016  11 15 25 26 39 47 49 30
 8  5 2016   4  6 10 20 40 46 47 39
 8 12 2016   5  7 15 18 19 27 28 25
 8 19 2016  19 22 25 32 37 45 47 40
 8 26 2016   3 10 17 19 26 27 42 46
 9  2 2016   1 12 15 22 25 45 48 16
 9  9 2016   4 10 11 27 29 32 41 42
 9 16 2016   7 12 14 15 27 34 44  6
 9 23 2016   3 13 24 36 39 44 45 19
 9 30 2016   4 12 17 21 32 38 42 46
10  7 2016   8  9 12 24 29 36 37 17
10 14 2016  14 18 22 25 36 39 44 34
10 21 2016  33 34 36 42 44 45 47 14
10 28 2016   3  5 19 29 33 34 44 41
11  4 2016   4 23 29 36 39 44 46 24
11 11 2016   8 14 18 20 24 39 46 23
11 18 2016   7 10 21 24 38 40 49  3
11 25 2016   2 11 20 22 31 35 47 39
12  2 2016   5  8 20 21 29 40 47  7
12  9 2016  11 17 24 26 34 35 39 16
12 16 2016   2  9 27 32 38 39 43 45
12 23 2016   1  5 11 26 28 30 41 49
12 30 2016   5 10 14 19 31 33 47 27
 1  6 2017  10 13 18 19 38 47 48 42
 1 13 2017   2  8 24 30 31 38 40 42
 1 20 2017   4 10 21 28 29 37 45 20
 1 27 2017   1  3  8 22 29 38 47 11
 2  3 2017   8 19 24 28 34 42 48 17
 2 10 2017  11 16 19 22 24 38 41 48
 2 17 2017   5  9 14 24 33 37 46 38
 2 24 2017   1 17 19 23 28 29 47 10
 3  3 2017   3  7 20 25 29 31 44 27
 3 10 2017   1 11 15 20 36 41 47 33
 3 17 2017   2  5  6  7  8 33 45 15
 3 24 2017  16 19 21 32 37 39 45 26
 3 31 2017   1  2 12 15 22 25 41 34
 4  7 2017   8 12 14 34 37 44 48 45
 4 14 2017  23 25 29 30 42 44 45 20
 4 21 2017   3  4 13 16 35 47 49 37
 4 28 2017  10 14 22 36 38 44 45 11
 5  5 2017  11 14 20 22 26 35 43 33
 5 12 2017  11 25 26 28 38 44 45 20
 5 19 2017   8 11 18 25 34 35 38 44
 5 26 2017  14 16 18 21 38 44 49 15
 6  2 2017  11 12 25 28 33 41 43 36
 6  9 2017   7 11 20 21 22 37 47 38
 6 16 2017   1  5 20 33 34 41 42 15
 6 23 2017   2  3  6 22 24 42 46 27
 6 30 2017   7 24 26 36 37 43 44  3
 7  7 2017   4  8 13 16 26 33 38 10
 7 14 2017   2  4 11 17 26 41 42 44
 7 21 2017   2 11 12 25 33 39 44  8
 7 28 2017   9 12 16 24 33 45 47 14
 8  4 2017   1  4 11 17 27 36 37 47
 8 11 2017  13 14 19 26 27 36 37 18
 8 18 2017   2  9 13 16 25 26 45 19
 8 25 2017  18 19 23 34 39 43 46  1
 9  1 2017   1  7 18 28 31 39 48 35
 9  8 2017   1  2 15 16 22 29 41 27
 9 15 2017  15 20 24 30 39 44 46 22
 9 22 2017   2 10 37 38 39 43 47 28
 9 29 2017   1  6 14 23 38 40 47 25
10  6 2017  10 17 25 27 29 34 38 48
10 13 2017   8 14 16 17 18 34 41 43
10 20 2017   1  4 12 27 35 38 46  8
10 27 2017   1 14 15 16 24 39 49  5
11  3 2017  16 17 18 20 40 42 43 15
11 10 2017   5 12 18 26 29 31 37 40
11 17 2017   3 15 22 23 33 47 49  6
11 24 2017   5 11 20 22 35 38 46 45
12  1 2017  26 28 33 38 42 43 47 16
12  8 2017   1 17 31 33 39 46 49 42
12 15 2017   8 14 17 27 28 30 48 37
12 22 2017  13 16 19 21 24 26 30 36
12 29 2017  22 23 26 35 37 39 47 14
 1  5 2018   1  3 13 15 28 36 49 14
 1 12 2018   1  8 16 19 26 34 41 10
 1 19 2018   9 18 25 30 39 40 43  5
 1 26 2018   7  8 13 19 23 32 40  9
 2  2 2018   3  8  9 24 28 31 44 32
 2  9 2018   6 19 24 25 36 37 39 17
 2 16 2018   5 14 22 23 35 40 49 43
 2 23 2018  13 17 24 32 33 44 45 48
 3  2 2018   7 25 26 28 32 36 37  2
 3  9 2018  13 18 20 26 32 35 47 12
 3 16 2018  13 24 29 31 35 36 42 37
 3 23 2018   7 12 15 23 35 43 49 19
 3 30 2018   1 12 18 19 21 24 41 15
 4  6 2018   7 18 29 30 41 45 46 40
 4 13 2018   1  8  9 22 29 30 32 17
 4 20 2018   6 14 16 22 30 42 45 35
 4 27 2018   8  9 11 17 37 39 41 19
 5  4 2018   1 11 15 16 20 29 39 32
 5 11 2018  11 22 28 33 39 43 47 23
 5 18 2018   4 13 23 30 31 37 43 32
 5 25 2018   7 10 13 19 24 31 41  1
 6  1 2018   2 11 17 18 22 25 39  3
 6  8 2018  12 25 27 29 34 44 45  7
 6 15 2018  18 23 28 37 44 45 47  9
 6 22 2018   3 10 16 28 31 38 47 20
 6 29 2018   3  5 17 23 28 43 46 29
 7  6 2018   1 11 20 32 41 42 44 47
 7 13 2018   1  4  5 22 25 32 34 27
 7 20 2018   6  8 12 19 20 25 49 18
 7 27 2018   8 11 14 17 26 30 36 48
 8  3 2018   9 11 23 33 35 36 42  6
 8 10 2018   2  9 18 33 36 40 49 38
 8 17 2018  12 17 22 27 28 29 35 43
 8 24 2018   3  5  7 11 13 20 29 30
 8 31 2018   2  4 18 19 20 39 44 11
 9  7 2018   3 12 21 34 37 38 41 22
 9 14 2018   1  3  5 10 16 27 43 14
 9 21 2018   3  9 15 16 19 45 48 42
 9 28 2018  25 28 31 36 42 44 49 37
10  5 2018   8  9 12 20 22 27 30 28
10 12 2018  18 31 38 45 46 47 48 16
10 19 2018  10 15 16 17 19 27 38  9
10 26 2018   2  3  4  8  9 20 30 45
11  2 2018   9 10 16 23 24 39 49  7
11  9 2018   2 12 31 34 39 48 49  1
11 16 2018  11 17 24 34 41 42 48 21
11 23 2018   1  7 13 14 22 42 48 47
11 30 2018   5  8 15 20 25 26 47 22 
12  7 2018   2  9 15 23 26 30 41 13 
12 14 2018   6  7 11 21 23 27 41 49 
12 21 2018   7 21 23 25 31 34 45 37 
12 28 2018   5 13 14 16 17 29 49 18 
 1  4 2019   7 22 25 26 35 41 45  3 
 1 11 2019   8 15 21 28 29 30 39 23 
 1 25 2019   6 12 20 24 40 42 47 44 
 2  1 2019   8 15 21 28 29 30 39 23 
 2  8 2019  18 23 31 32 36 38 43 27 
 2 15 2019   1  2 32 37 38 39 45 16 
 2 22 2019   6 31 33 34 43 44 46 22 
 3  1 2019   2 23 24 29 40 48 49 18 
 3  8 2019   2  9 16 17 21 22 32 38 
 3 15 2019   6 11 25 31 36 41 49 47 
 3 22 2019   1  3 20 21 27 28 44 43 
 3 29 2019  10 12 19 22 25 32 42 39 
 4  5 2019   1  2 16 21 23 25 28 48 
 4 12 2019   2 20 21 30 31 39 45 18 
 4 19 2019   2 16 21 33 39 42 47  1 
 4 26 2019   9 17 21 23 36 41 48 12 
 5  3 2019   2  3  5 12 21 22 37 19
 5 10 2019  16 17 31 34 36 39 41 10
 5 17 2019   4 21 23 39 40 42 50 17
 5 21 2019   2  3  8 18 31 39 50 33 
 5 24 2019   9 11 15 19 20 35 41 28 
 5 28 2019   4  9 10 26 27 29 37 14 
 5 31 2019   6 29 34 39 42 47 50 22
 6  4 2019   7 19 22 28 34 41 42 12 
 6  7 2019   4  8 13 23 25 33 39 17 
 6 11 2019  10 23 28 32 34 44 50 29 
 6 14 2019   4 11 20 22 37 44 49 13 
 6 18 2019   1  6 13 15 38 42 49 48 
 6 21 2019  11 16 17 20 42 44 50 31 
 6 25 2019   2 14 15 23 27 44 45  8 
 6 28 2019   7 11 36 37 38 43 46 26 
 7  2 2019   6 14 26 31 34 36 45 25
 7  5 2019   1  4  8 28 32 36 43 40
 7  9 2019  10 13 31 32 36 40 41 17
 7 12 2019   3 13 19 25 26 30 37  1
 7 16 2019  11 14 17 21 23 26 36 19
 7 19 2019   1 15 21 29 30 31 33  5
 7 23 2019   4  8 11 16 28 29 44 43
 7 26 2019  11 15 17 20 24 25 50 30
 7 30 2019   4  6 10 15 24 40 43  3
 8  2 2019  11 20 23 24 25 41 44 38
 8  6 2019  19 22 28 30 36 38 39 25
 8  9 2019  10 25 31 34 36 39 45  9
 8 13 2019   1  5 38 39 42 47 49 15
 8 16 2019  22 24 25 26 29 32 46 20
 8 20 2019   9 17 23 37 44 46 48  4
 8 23 2019   5  6  8 15 22 46 47 31
 8 27 2019   5  7 19 28 32 35 44 46
 8 30 2019   5  9 33 36 39 41 44 27
 9  3 2019   6  8 11 13 28 42 48 27
 9  6 2019   4  5 24 25 43 44 50 41
 9 10 2019   1 15 16 20 27 38 50  9
 9 13 2019   4 16 21 32 44 45 50 26
 9 17 2019   2  4 17 39 40 43 46 44
 9 20 2019   9 15 26 36 39 41 47 37
 9 24 2019   3 22 26 32 38 42 43  8
 9 27 2019   3  9 25 26 28 34 38 36
10  1 2019   1 15 19 31 40 41 43 49
10  4 2019  20 31 35 36 39 42 44 23
10  8 2019  18 24 31 38 44 46 50 40
10 11 2019   1  3 11 13 19 22 46 31
10 15 2019  17 18 22 27 29 31 34  8
10 18 2019   3 21 29 37 40 43 44 38
10 22 2019   1  4  6  9 25 31 43 10
10 25 2019   6 11 16 18 23 26 40 45
11  1 2019  10 20 24 25 32 39 46 15
11  5 2019   5  7 15 18 35 37 45 47
11  8 2019   3  5 10 18 26 33 46 49
11 12 2019   1 14 16 22 32 39 45 31
11 15 2019  15 16 33 36 38 43 49  4
11 19 2019   5 13 23 25 27 32 44  3
11 22 2019   5  9 23 25 27 32 44  3
11 26 2019  13 14 18 22 42 44 47 12
11 29 2019   3  8 14 15 24 33 48  4
12  3 2019   2 10 20 30 32 35 50 21
12  6 2019   9 11 17 19 35 36 43 28
12 10 2019   7 11 19 30 42 43 50 44
12 13 2019   2 12 14 15 26 34 39 48
12 17 2019  19 20 23 29 35 40 47 31
12 20 2019  14 23 28 29 30 33 48  9
12 24 2019   1  6 12 13 19 23 38 37
12 27 2019  13 27 34 36 38 45 50 18
12 31 2019   3  4 11 19 30 39 40 25
 1  3 2020   8 18 20 24 31 37 39 34
 1  7 2020   3  8 12 14 17 18 29 11
 1 10 2020  10 13 14 24 28 47 48 12
 1 14 2020   5 16 19 23 30 37 48 44
 1 17 2020   5  6 36 39 40 46 48 34
 1 21 2020   7 11 16 21 31 36 44 46
 1 24 2020   2 11 14 21 33 34 36  5
 1 24 2020   2 11 14 21 33 34 36  5
 1 28 2020   4 10 12 27 30 44 46  7
 1 28 2020   4 10 12 27 30 44 46  7
 1 31 2020   2 27 30 39 44 45 49 17
 1 31 2020   2 27 30 39 44 45 49 17
 2  4 2020   3 12 18 25 43 46 50 33
 2  4 2020   3 12 18 25 43 46 50 33
 2  7 2020  21 24 26 31 36 48 49 39
 2 11 2020  14 15 19 22 31 36 39 23
 2 11 2020  14 15 19 22 31 36 39 23
 2 14 2020  14 17 20 34 38 45 49  5
 2 14 2020  14 17 20 34 38 45 49  5
 2 18 2020   3  6 19 23 33 40 45 48
 2 18 2020   3  6 19 23 33 40 45 48
 2 21 2020   4  7 14 37 48 49 50 28
 2 21 2020   4  7 14 37 48 49 50 28
 2 25 2020  15 32 36 40 41 43 48 10
 2 25 2020  15 32 36 40 41 43 48 10
 2 28 2020  21 27 30 32 33 36 46 38
 2 28 2020  21 27 30 32 33 36 46 38
 3  3 2020  10 14 15 25 27 39 48 28
 3  3 2020  10 14 15 25 27 39 48 28
 3  6 2020   2  9 10 35 41 42 47 40
 3  6 2020   2  9 10 35 41 42 47 40
 3 10 2020   5  6 27 37 38 46 48  9
 3 10 2020   5  6 27 37 38 46 48  9
 3 13 2020   7 14 15 35 36 49 50 11
 3 13 2020   7 14 15 35 36 49 50 11
 3 17 2020   4  5  8 15 27 41 48 37
 3 17 2020   4  5  8 15 27 41 48 37
 3 20 2020   9 16 17 18 21 22 27 31
 3 20 2020   9 16 17 18 21 22 27 31
 3 24 2020   2 11 16 18 19 20 25  5
 3 24 2020   2 11 16 18 19 20 25  5
 3 27 2020   3  4 13 14 30 36 41 21
 3 27 2020   3  4 13 14 30 36 41 21
 3 31 2020   5  7 22 29 32 37 39  3
 3 31 2020   5  7 22 29 32 37 39  3
 4  3 2020   5  9 10 25 27 29 38 31
 4  3 2020   5  9 10 25 27 29 38 31
 4  7 2020   5 20 21 22 32 37 41 18
 4  7 2020   5 20 21 22 32 37 41 18
 4 10 2020   3  9 10 14 15 19 20 25
 4 10 2020   3  9 10 14 15 19 20 25
 4 14 2020   3  6  9 22 29 38 39 18
 4 14 2020   3  6  9 22 29 38 39 18
 4 17 2020   2 15 21 29 40 47 50 35
 4 17 2020   2 15 21 29 40 47 50 35
 4 21 2020   9 10 13 21 40 41 43  4
 4 21 2020   9 10 13 21 40 41 43  4
 4 24 2020   8  9 19 26 27 31 46 48
 4 24 2020   8  9 19 26 27 31 46 48
 4 28 2020   9 18 23 36 39 43 48 46
 5  1 2020   3 12 25 36 37 42 49  9
 5  5 2020  25 28 32 41 42 44 45 18
 5  8 2020   3  4 10 11 26 28 40 31
 5 12 2020  11 19 22 26 33 46 48  1
 5 15 2020   7 30 32 40 47 48 50 16
 5 19 2020  22 23 24 25 37 40 49 19
 5 22 2020   9 11 14 21 22 24 41 10
 5 26 2020   5 27 34 37 39 41 47 20
 5 29 2020   5 12 15 23 26 38 41 45
 6  2 2020   5 14 16 17 29 41 42 47
 6  5 2020   1  8 15 16 32 39 40 31
 6  9 2020   4 16 19 32 35 36 38 28
 6 12 2020   1 16 24 28 30 31 47 25
 6 16 2020   1  3 22 30 31 37 40  5
 6 19 2020   3 12 17 22 29 31 48  8
 6 23 2020   2  3  6 13 37 42 46 19
 6 26 2020   8 14 31 36 39 46 47 20
 6 30 2020  11 12 22 33 37 48 49 41
 7  3 2020   3  4 21 33 38 44 45 32
 7  7 2020   9 20 21 22 25 26 37  3
 7 10 2020  17 18 27 38 39 40 47 24
 7 14 2020   3  9 21 35 44 47 48 23
 7 17 2020   5 11 15 18 20 24 46 37
 7 21 2020   7 22 26 35 46 47 49 19
 7 24 2020  17 20 27 29 37 39 41 10
 7 28 2020   7 10 11 24 39 43 48 23
 7 31 2020   8 16 19 22 28 31 38 25
 8  4 2020  18 24 25 30 31 33 48 27
 8  7 2020   9 21 26 28 30 37 44 31
 8 11 2020   9 17 22 33 36 45 46 41
 8 14 2020   3 22 37 39 41 43 44 20
 8 18 2020   1  2 16 32 44 46 50  6
 8 21 2020   1  2  5 11 20 30 39 27
 8 25 2020   1 21 34 38 39 40 46 24
 8 28 2020   5  8  9 28 32 48 50 40
 9  1 2020   2  9 29 30 31 35 37 27
 9  4 2020   7 18 22 26 35 41 50 11
 9  8 2020   6 12 19 27 30 32 44 18
 9 11 2020   4 15 16 17 35 46 50 13
 9 15 2020   1  5  6 24 27 28 32 38
 9 18 2020   2 11 22 25 32 40 44 27
 9 22 2020   8  9 37 38 40 43 49 28
 9 25 2020   1  7  9 28 38 48 50 13
 9 29 2020   4  6  9 15 22 24 28 44
10  2 2020   7 12 16 26 40 45 49 20
10  6 2020   4  5  9 19 28 34 44  8
10  9 2020   4  6 12 30 32 33 34 29
10 13 2020   3 10 13 19 21 45 49 12
10 16 2020   1  4  8 10 12 17 41 19
10 20 2020   8 27 30 44 46 47 50 32
10 23 2020   2  8 20 21 29 34 37 41
10 27 2020   2  9 11 29 33 39 44 15
10 30 2020  19 20 23 31 37 46 48 50
11  3 2020   5  7 14 21 26 34 49 31
11  6 2020   7  9 19 20 26 32 35 49
11 10 2020   4  6 18 27 28 30 40 13
11 13 2020   3  4  7 19 44 48 49  8
11 17 2020   6 18 21 30 31 34 38  1
11 20 2020  11 17 29 33 39 40 42 48
11 24 2020   6  8 13 27 41 46 47 39
11 27 2020   9 15 35 41 42 45 46 43
12  1 2020   1  4  9 15 18 24 31 43
12  4 2020   5  7 14 23 24 46 47 11
12  8 2020   5 13 14 21 36 37 43 40
12 11 2020   9 21 30 33 38 39 46 48
12 15 2020   1  4 20 33 44 45 49 47
12 18 2020   2  9 10 22 31 35 49 30
12 22 2020   4 29 30 37 38 43 44 15
12 25 2020   8 12 16 30 38 48 50 14
12 29 2020   8 12 23 25 29 43 46 13
 1  1 2021  18 21 28 29 31 32 49 38
 1  5 2021   1 16 21 24 35 37 39 45
 1  8 2021   4 21 24 25 26 27 42  8
 1 12 2021   4 12 13 15 18 30 50 34
 1 15 2021   5 23 31 35 36 37 43 13
 1 19 2021  23 31 34 38 40 45 50 41
 1 22 2021  11 21 23 25 28 41 43 10
 1 26 2021  26 37 42 44 46 49 50 24
 1 29 2021   9 11 20 22 33 36 46 49
 2  2 2021  17 24 27 34 38 42 48 19
 2  5 2021   1  2 23 32 35 36 45 28
 2  9 2021   4 12 16 17 33 36 44  2
 2 12 2021   2  5 10 11 14 23 33 47
 2 16 2021   1  6 12 21 34 37 47 20
 2 19 2021   1  5 10 18 20 40 42 47
 2 23 2021   3 13 14 20 30 45 49 35
 2 26 2021  11 17 19 22 27 31 40 38
 3  2 2021   9 29 30 36 42 46 49 47
 3  5 2021   6  9 23 25 31 36 48 30
 3  9 2021   3  7 13 22 29 31 42 15
 3 12 2021   5 12 15 23 28 38 39 46
 3 16 2021   8 15 25 27 33 39 44 20
 3 19 2021   2  7  8 26 30 43 48 25
 3 23 2021   5  6 12 28 29 36 46 40
 3 26 2021   2  4 16 24 25 27 49 29
 3 30 2021  12 22 25 30 37 38 45  2
 4  2 2021  30 32 33 34 37 45 49 25
 4  6 2021   2 14 24 25 35 44 45 11
 4  9 2021   1 19 28 29 31 33 43 17
 4 13 2021  15 16 18 19 22 44 47 28
 4 16 2021   1 13 19 27 42 49 50 32
 4 20 2021   7 10 11 19 22 30 37 18
 4 23 2021   1  3  4 11 19 24 42 27
 4 27 2021   7 11 14 26 27 29 36  2
 4 30 2021   2 14 27 30 31 35 43 38
 5  4 2021   1 23 27 33 39 45 49 40
 5  7 2021   1  8 17 21 35 39 46 31
 5 11 2021  14 15 20 32 35 38 50 46
 5 14 2021   3 18 19 24 26 27 45 20
 5 18 2021   5  9 18 27 32 38 40 34
 5 21 2021   5  6 25 31 32 44 48 39
 5 25 2021   6  9 11 19 24 38 46 18
 5 28 2021   7 18 22 40 44 46 50  5
 6  1 2021   6 20 21 28 38 43 47 40
 6  4 2021   2  3 16 28 31 42 47 12
 6  8 2021   1  9 14 24 26 37 42 29
 6 11 2021  20 21 25 33 38 44 45 22
 6 15 2021   2  8 12 13 14 36 43 29
 6 18 2021  11 14 15 24 34 43 47 36
 6 22 2021   7 11 22 28 33 44 49 10
 6 25 2021  10 13 18 33 36 45 47 22
 6 29 2021   6 17 22 23 32 37 47 13
 7  2 2021   6 14 25 26 38 41 50 49
 7  6 2021  10 14 25 26 38 41 50 49
 7  9 2021  11 21 32 33 38 40 44 19
 7 13 2021   2  6 12 13 17 36 48 25
 7 16 2021  13 17 24 26 33 46 48 27
 7 20 2021   2 13 15 19 38 39 46 34
 7 23 2021   7  8 13 21 35 38 45 15
 7 27 2021   5 12 13 32 36 40 48 49
 7 30 2021   4 12 18 19 22 25 44 43
 8  3 2021   4  5  9 15 24 36 48 50
 8  6 2021  14 15 24 43 44 48 49 47
 8 10 2021  14 18 19 32 35 38 41 27
 8 13 2021   1 14 17 20 28 32 38  6
 8 17 2021   5 16 19 33 37 38 39 15
 8 20 2021   2  6 21 31 34 39 45 33
 8 24 2021   1 24 26 29 30 45 50  5
 8 27 2021   9 10 13 25 41 47 49 36
 8 31 2021   3 11 23 26 31 42 50 24
 9  3 2021   1  2  4 10 27 33 45 31
 9  7 2021   5  8 31 36 41 42 43 39
 9 10 2021  11 28 38 40 43 45 48 33
 9 14 2021  17 24 27 33 38 41 48 39
 9 17 2021   3  6 10 26 29 35 45 30
 9 21 2021   4  8 11 14 15 34 45  7
 9 24 2021   5 13 28 35 41 49 50 34
 9 28 2021   2  5  8 18 23 31 35 43
10  1 2021   4  8 15 39 40 42 48  5
10  5 2021   2 10 18 19 25 42 48 21
10  8 2021   5 16 19 21 23 31 36 46
10 12 2021   7 11 13 30 33 40 43 45
10 15 2021  14 17 20 24 25 38 48 11
10 19 2021  12 26 28 32 41 43 50 49
10 22 2021   2 11 19 33 44 45 47 42
10 26 2021   2  8 10 14 21 36 40 17
10 29 2021   1  5 17 18 38 41 48 13
11  2 2021   7 13 18 30 33 37 41  6
11  5 2021   2 10 11 17 19 32 42 41
11  9 2021   2  8 16 17 19 26 42 41
11 12 2021   4  6  7 10 17 27 44 40
11 16 2021   5  6  7 17 26 29 42 39
11 19 2021   1 13 14 17 25 28 41 43
11 23 2021  14 17 25 27 31 32 34 20
11 26 2021   9 26 30 35 37 42 50 47
11 30 2021   4  7  8 22 24 30 49 42
12  3 2021   7 18 22 35 37 43 45 44
12  7 2021   9 16 19 24 27 34 40  7
12 10 2021  17 21 27 32 45 46 49 19
12 14 2021   3 21 22 26 28 44 49 34
12 17 2021   9 14 16 33 39 46 49 38
12 21 2021  13 23 26 27 28 38 47 36
12 24 2021   3 11 24 25 29 32 42 16
12 28 2021  11 12 21 27 32 43 49 15
12 31 2021   7 25 30 35 38 40 49 27
 1  4 2022   7  8 13 20 25 26 48 36
 1  7 2022   4  5 31 39 42 45 50 11
